(68, -1246, -43)
unlocated scanner: 1
located scanner: 0
(68, -1246, -43)
[(-686, 422, -578), (-605, 423, -415), (-515, 917, 361), (336, 658, -858), (-95, 138, -22), (476, 619, -847), (340, -569, 846), (-567, -361, -727), (460, 603, 452), (-669, -402, -600), (-729, 430, -532), (500, -761, -534), (322, 571, -750), (466, -666, 811), (429, -592, -574), (355, 545, 477), (-703, -491, 529), (328, -685, -520), (-413, 935, 424), (391, 539, 444), (-586, -435, -557), (364, -763, 893), (-807, -499, 711), (-755, -354, 619), (-553, 889, 390)]
[(-618, -824, -621), (-537, -823, -458), (-447, -329, 318), (404, -588, -901), (-27, -1108, -65), (544, -627, -890), (408, -1815, 803), (-499, -1607, -770), (528, -643, 409), (-601, -1648, -643), (-661, -816, -575), (568, -2007, -577), (390, -675, -793), (534, -1912, 768), (497, -1838, -617), (423, -701, 434), (-635, -1737, 486), (396, -1931, -563), (-345, -311, 381), (459, -707, 401), (-518, -1681, -600), (432, -2009, 850), (-739, -1745, 668), (-687, -1600, 576), (-485, -357, 347)]
(-92, -2380, -20)
unlocated scanner: 3
located scanner: 1
(-92, -2380, -20)
[(589, 542, -597), (-605, -692, -669), (500, 565, 823), (660, 373, -557), (458, -679, 417), (488, 449, -543), (626, 468, 788), (-338, -750, 386), (-528, -832, 391), (-562, -778, -733), (938, -730, -414), (-543, 643, 506), (524, 371, 870), (-407, 773, -750), (104, 29, -83), (-378, -903, 323), (778, -728, -485), (-426, 699, -580), (438, -605, 362), (469, -447, 387), (-509, 732, -623), (-647, 635, 688), (868, -804, -481), (-614, -800, -639), (-595, 780, 596)]
[(497, -1838, -617), (-697, -3072, -689), (408, -1815, 803), (568, -2007, -577), (366, -3059, 397), (396, -1931, -563), (534, -1912, 768), (-430, -3130, 366), (-620, -3212, 371), (-654, -3158, -753), (846, -3110, -434), (-635, -1737, 486), (432, -2009, 850), (-499, -1607, -770), (12, -2351, -103), (-470, -3283, 303), (686, -3108, -505), (-518, -1681, -600), (346, -2985, 342), (377, -2827, 367), (-601, -1648, -643), (-739, -1745, 668), (776, -3184, -501), (-706, -3180, -659), (-687, -1600, 576)]
(-20, -1133, 1061)