4000 3 3800
717 115 556
738 733 929
787 284 997
660 596 814
644 999 877
509 94 351
296 259 12
468 889 508
672 38 143
505 405 312
334 176 315
571 692 555
337 576 565
478 86 481
423 358 286
911 523 300
721 379 619
812 194 832
900 514 987
505 566 760
808 109 602
990 494 174
737 231 236
877 483 389
476 33 479
98 303 643
514 793 958
814 228 362
759 776 429
754 704 441
903 626 380
586 847 521
302 64 824
954 306 867
456 828 660
395 229 347
371 740 949
562 865 874
818 426 273
611 661 600
894 119 558
211 132 871
973 562 610
539 275 310
625 488 423
801 895 741
731 499 184
821 702 363
362 142 796
518 214 962
386 14 783
951 792 599
618 476 246
333 624 836
991 238 424
447 457 343
954 570 524
858 389 825
839 168 911
986 473 625
960 299 833
730 353 455
789 764 851
652 655 489
637 397 450
940 822 955
684 311 56
732 460 850
970 360 271
859 96 390
656 29 929
433 467 846
801 554 237
640 425 721
831 692 449
420 906 795
611 289 749
361 211 365
353 395 396
114 26 810
863 448 773
977 451 783
922 23 523
599 677 479
706 135 752
653 739 874
684 292 646
10 40 534
646 322 146
391 72 487
639 767 424
195 77 581
436 869 500
870 981 934
805 217 767
241 372 650
813 117 692
810 72 803
423 386 268
997 481 876
676 693 952
997 230 575
905 41 796
927 728 856
500 249 186
749 506 979
263 342 526
922 409 809
935 969 891
818 833 420
357 820 603
837 863 669
924 146 960
777 165 524
308 500 771
437 130 594
981 810 657
528 175 287
214 422 893
938 95 451
967 296 401
997 173 189
913 197 456
552 484 379
493 442 971
719 268 322
693 489 584
771 731 935
716 115 246
290 557 426
864 857 401
690 123 455
770 815 492
522 565 887
869 387 555
954 226 717
403 25 725
932 884 604
357 109 763
888 9 346
371 114 581
983 842 892
715 8 937
438 385 658
650 236 745
941 628 859
605 103 603
384 251 205
571 429 439
644 394 781
730 623 578
493 128 79
981 12 698
653 929 544
295 188 492
568 687 751
391 106 411
691 434 912
248 58 694
572 206 999
813 236 969
699 726 304
799 133 822
872 302 222
698 526 915
742 950 908
306 90 949
275 521 528
843 556 350
928 788 949
781 526 33
643 717 319
637 147 327
847 728 789
842 435 338
981 717 641
445 514 376
186 64 778
993 318 764
24 15 376
927 488 189
303 325 924
797 409 786
828 100 798
792 853 383
379 381 617
808 262 443
316 120 333
268 293 400
644 457 524
816 360 782
780 449 998
965 175 567
626 830 986
906 649 851
849 127 561
611 775 610
21 466 536
798 368 976
484 169 716
226 134 836
506 764 604
824 570 329
393 7 635
963 243 593
815 5 950
907 428 611
942 450 866
816 514 813
156 285 832
981 641 676
829 792 67
526 424 946
661 286 616
394 62 359
902 318 461
932 968 912
607 456 213
985 673 830
745 617 609
689 456 132
526 205 748
962 144 703
824 100 831
509 311 530
749 109 704
873 504 410
800 367 344
63 6 992
753 15 616
577 381 498
584 945 923
932 137 820
743 257 525
448 91 895
164 235 554
852 809 809
759 903 582
770 303 888
435 830 932
753 703 705
171 624 536
882 694 923
576 11 549
636 390 694
932 759 638
760 510 187
306 58 761
829 337 592
950 312 917
798 990 703
699 264 79
583 120 277
747 57 638
951 424 752
590 587 953
507 206 46
150 356 701
382 374 272
568 116 964
416 125 932
620 500 456
762 763 654
683 411 466
624 341 226
40 31 971
620 493 872
463 406 841
748 153 441
3 7 633
948 162 428
659 291 382
422 281 582
990 144 850
960 155 157
406 157 521
283 663 921
474 219 461
819 48 854
977 519 257
859 573 211
407 651 418
716 345 995
753 174 951
223 509 848
926 135 436
674 237 263
597 262 377
615 82 876
210 93 195
598 98 467
999 942 530
722 50 443
556 103 976
893 40 848
897 355 587
822 294 516
331 147 501
686 472 748
652 390 216
247 338 988
935 922 667
464 173 795
968 138 409
633 224 708
675 162 243
630 317 573
654 338 68
119 111 606
996 526 159
574 896 573
45 165 700
933 189 762
667 920 900
991 135 212
308 101 980
792 800 633
762 198 329
514 305 905
310 242 592
980 614 291
856 170 836
127 183 807
550 177 282
227 57 55
994 310 686
444 149 622
791 129 659
829 211 834
923 111 431
593 142 739
937 647 697
222 300 598
893 110 450
429 103 882
680 799 594
511 684 847
973 750 468
831 133 939
100 508 562
440 308 459
517 17 285
582 652 718
636 678 567
964 754 726
988 442 916
702 246 857
889 116 430
138 18 682
341 123 105
624 346 697
221 114 896
771 399 791
620 156 396
946 32 487
607 480 561
953 15 955
749 576 836
123 89 406
353 486 923
515 197 551
48 37 890
902 571 845
780 129 186
876 935 402
956 582 987
699 345 935
735 446 844
904 156 848
612 160 197
412 192 663
685 899 261
417 193 888
477 648 638
759 922 980
714 202 472
838 636 231
974 628 800
953 746 676
989 126 972
727 631 960
339 168 890
293 46 867
517 2 595
899 838 925
242 264 510
432 312 900
946 533 515
898 66 428
203 523 591
877 348 770
962 799 838
716 134 810
250 650 986
579 162 846
67 64 670
391 198 811
214 990 815
628 242 377
548 225 768
929 632 598
687 357 45
470 836 828
792 832 243
621 768 654
854 316 635
421 787 842
890 1 787
878 269 718
713 599 158
560 645 305
572 559 470
982 379 762
899 65 721
473 265 355
267 514 567
184 61 267
926 975 997
708 250 728
862 735 659
965 219 741
694 152 457
514 454 383
235 676 906
878 623 988
708 612 650
128 101 993
738 696 963
452 407 329
606 208 827
935 401 743
538 266 984
824 579 742
18 250 814
302 208 648
743 753 480
704 326 746
360 159 837
756 641 717
833 454 877
904 691 933
603 521 956
868 723 918
699 469 825
858 838 938
709 732 589
304 123 868
267 192 695
322 153 951
824 25 690
214 51 776
974 666 638
552 283 320
345 530 628
426 612 453
842 192 931
350 463 341
361 956 916
546 734 174
662 785 370
542 820 726
987 69 856
631 730 644
612 704 890
728 24 828
875 548 605
542 604 879
435 810 753
831 67 907
637 24 790
791 452 800
73 561 968
749 56 602
912 187 783
660 244 575
632 449 988
627 740 863
400 288 722
554 30 813
724 472 4
773 51 266
850 426 851
954 231 749
311 251 542
732 94 780
731 191 973
376 515 554
6 2 535
794 266 766
507 22 167
275 73 281
993 224 590
418 45 937
327 246 807
93 120 946
736 551 428
1 125 985
883 802 757
789 572 312
517 665 966
932 883 758
982 608 746
766 378 482
985 306 464
542 541 938
618 433 63
624 197 759
853 564 527
760 965 308
285 170 887
627 69 991
947 531 967
961 26 740
873 206 704
811 107 504
624 357 644
1 2 711
885 764 559
999 791 606
423 234 934
426 19 900
749 566 396
647 977 820
844 23 88
351 91 241
665 542 933
854 280 851
249 460 369
114 412 940
716 341 433
11 111 816
586 126 337
801 961 346
436 52 908
683 419 290
799 66 168
567 277 975
510 384 730
983 253 810
861 709 961
879 314 812
834 578 861
788 817 514
833 869 905
842 689 349
902 176 705
769 280 673
479 828 930
842 701 386
669 14 991
788 537 383
710 278 660
623 840 365
793 549 427
969 720 709
795 481 1
929 140 741
505 136 900
912 379 473
679 694 347
936 13 805
793 319 965
730 360 652
197 98 772
483 305 616
884 79 822
884 471 455
978 827 261
351 0 871
836 475 149
772 362 220
447 553 418
671 523 423
609 135 933
878 481 803
616 642 501
944 194 917
598 150 659
716 903 717
766 568 521
883 84 895
658 741 235
526 475 703
934 665 404
767 58 393
355 546 744
647 538 851
879 588 635
972 472 986
707 321 474
996 353 338
462 524 785
451 467 753
837 158 116
483 465 805
478 398 658
705 115 355
994 16 808
739 528 255
315 278 661
751 124 898
622 696 995
499 531 823
783 168 643
948 380 574
107 211 601
923 394 581
830 431 216
715 73 324
923 916 811
798 211 311
998 341 464
522 518 615
476 624 509
900 514 787
949 759 759
875 29 634
413 72 566
988 447 650
998 751 876
339 104 922
30 43 640
126 363 884
601 142 525
547 161 807
803 634 403
69 124 986
361 348 358
716 700 703
975 741 706
711 54 483
482 217 613
641 316 638
719 603 560
310 365 951
797 763 627
984 376 422
903 311 635
713 232 415
927 568 471
508 692 500
132 415 820
885 914 736
272 217 291
987 190 674
684 331 415
597 421 921
850 81 994
684 21 824
748 59 802
828 55 828
94 499 893
923 550 576
514 474 947
760 360 425
824 437 374
219 246 901
518 294 974
914 916 2
657 91 931
646 330 466
903 338 901
979 378 858
904 372 952
130 240 806
921 709 330
335 441 559
413 100 230
588 576 946
930 56 685
129 498 944
206 51 935
896 156 416
800 372 641
863 250 675
377 177 329
341 217 814
914 164 843
837 0 646
622 49 526
831 476 691
718 444 439
310 125 673
694 151 714
879 513 756
963 509 437
791 623 586
585 303 17
991 581 746
328 199 762
828 757 922
747 519 564
797 937 903
935 253 763
798 755 972
868 78 882
204 262 681
679 8 592
828 369 824
688 684 883
875 514 417
248 135 314
935 90 580
814 260 280
170 279 474
650 50 428
803 547 819
387 484 942
724 739 895
877 154 606
598 910 685
869 648 264
939 145 924
239 605 488
263 207 785
957 786 919
801 519 627
784 568 935
917 159 861
887 565 360
661 994 769
266 203 331
814 492 381
17 37 688
674 211 552
983 427 801
331 689 913
449 144 998
684 578 463
240 72 899
523 701 863
541 133 700
903 18 949
501 21 390
206 201 750
183 198 831
653 274 893
747 204 595
687 727 518
711 520 643
366 430 908
279 450 965
853 198 507
463 581 628
921 66 889
370 615 698
849 183 905
978 508 77
475 681 635
116 434 562
447 250 169
596 782 848
687 12 961
886 382 486
869 742 593
560 106 999
823 839 819
362 603 790
981 160 715
895 794 911
79 61 795
536 585 416
987 367 912
485 61 164
409 467 587
873 558 654
848 42 985
816 195 851
681 18 787
698 30 336
309 94 669
787 556 350
959 261 516
650 542 431
974 281 769
623 187 472
752 858 799
432 636 848
920 608 961
648 666 26
960 745 371
673 152 713
836 435 349
936 348 332
905 163 624
546 453 92
643 610 839
759 897 585
577 411 73
629 27 983
711 283 862
339 213 35
978 130 895
733 735 288
662 125 634
992 304 981
592 440 459
99 208 507
794 274 627
998 780 846
476 287 958
247 46 589
466 83 519
741 82 859
473 111 784
641 328 329
910 570 971
405 656 530
107 194 664
969 487 437
536 51 916
73 163 875
344 129 384
628 21 646
937 738 995
735 762 958
548 88 488
991 51 672
841 633 292
264 511 367
870 756 492
852 52 750
649 213 173
397 16 740
176 51 287
92 52 911
797 309 675
236 56 999
536 251 484
294 62 419
618 363 430
333 895 985
322 372 436
749 965 914
661 209 729
574 477 540
413 363 647
395 25 430
733 860 465
688 609 170
965 408 187
809 19 251
944 185 364
728 608 516
12 56 915
185 251 872
618 902 377
119 172 684
910 881 718
904 559 338
344 49 521
703 22 811
880 132 275
558 312 959
900 727 205
715 356 763
788 735 839
271 171 827
556 538 791
108 273 866
997 173 369
967 829 178
925 26 748
856 261 831
44 13 678
805 493 420
642 168 822
326 521 763
909 33 915
832 280 918
948 224 921
377 899 848
718 438 401
590 695 958
792 699 743
474 667 851
618 275 483
684 919 383
422 251 488
213 218 284
930 593 965
166 643 910
843 519 677
977 506 744
914 792 892
33 163 928
648 491 800
950 867 509
859 438 366
393 467 518
633 775 800
612 296 245
333 511 747
548 122 319
837 790 538
714 312 132
897 402 351
554 484 570
357 995 648
631 247 597
722 333 321
883 141 561
150 28 171
344 47 798
452 527 928
833 800 972
385 194 986
635 29 133
484 41 569
971 349 836
486 104 697
491 61 849
835 445 789
848 287 758
673 59 968
931 651 794
518 21 818
431 75 717
646 417 559
192 250 627
814 637 977
675 374 198
242 541 907
752 998 906
525 463 970
864 131 152
892 962 929
955 123 374
885 15 438
882 67 926
622 233 794
584 855 951
217 62 302
681 236 392
235 390 603
907 238 812
312 369 538
750 199 322
689 126 976
884 287 777
652 132 976
971 66 300
835 172 862
516 32 774
350 384 684
633 296 728
382 134 736
606 228 900
974 370 864
658 69 293
785 954 368
503 306 982
264 619 976
726 611 536
974 432 512
700 365 660
974 654 410
630 531 779
607 463 476
510 493 790
258 66 229
443 224 138
287 462 938
824 689 906
646 872 738
945 101 926
825 149 795
777 176 984
400 45 988
503 349 387
532 131 901
723 157 789
601 247 553
974 132 251
200 119 549
934 365 807
861 549 416
651 283 723
756 149 840
910 70 675
441 193 397
978 97 305
827 93 603
865 354 222
962 735 670
620 224 695
838 386 292
829 490 610
853 750 900
918 95 917
689 151 529
662 94 588
800 313 468
410 70 853
707 3 289
328 599 770
800 730 857
261 365 954
910 843 320
588 565 246
378 277 578
899 967 749
773 751 848
224 196 676
515 578 682
899 639 999
582 583 272
58 143 620
779 278 940
709 603 212
123 57 290
799 746 843
614 760 961
859 379 56
954 624 399
767 544 760
358 4 664
288 302 641
725 424 630
499 218 150
790 603 880
797 444 98
127 166 572
678 512 920
965 953 383
904 107 868
844 274 520
772 867 443
856 4 959
522 50 828
762 200 253
392 287 504
10 71 801
263 154 965
505 750 703
689 577 441
222 32 886
953 402 239
517 417 898
681 55 393
157 287 885
383 772 664
945 144 469
527 610 841
198 104 825
781 48 417
686 406 473
489 214 828
325 102 553
724 49 943
863 172 302
846 607 564
403 958 806
404 87 932
629 672 946
606 34 626
745 851 55
352 316 255
843 776 995
980 547 682
756 556 973
951 543 541
409 956 967
918 297 371
635 42 720
753 25 980
760 332 29
994 238 768
663 527 171
624 789 185
204 343 435
530 233 373
397 160 431
844 212 965
606 426 990
621 390 545
482 230 868
599 837 418
324 588 938
493 115 426
415 77 642
353 457 44
787 926 797
819 7 820
705 881 722
621 527 285
874 241 971
501 954 752
824 423 320
678 315 616
713 519 460
648 447 191
183 949 844
718 343 103
443 5 655
679 764 995
273 450 878
474 640 773
763 755 247
623 572 817
805 237 917
735 112 683
555 150 620
613 21 357
236 255 701
919 457 840
916 604 622
735 604 224
241 342 492
658 225 142
98 58 988
992 252 657
857 203 589
841 818 252
998 146 936
514 18 614
529 23 626
644 967 905
612 78 581
502 22 432
887 871 433
529 563 735
401 35 464
96 20 577
533 220 50
902 237 409
728 670 710
836 171 506
214 185 94
559 25 417
843 973 929
375 849 995
827 282 934
97 352 998
469 641 800
643 941 849
383 188 198
657 75 334
780 63 920
799 581 970
305 395 455
899 404 598
730 494 445
98 757 674
91 9 975
941 925 981
912 896 174
558 476 974
763 110 950
433 572 623
707 169 586
774 376 90
822 108 809
916 195 204
684 592 212
860 287 431
799 576 740
725 619 511
936 405 805
962 327 771
491 149 308
456 67 256
775 896 251
233 273 561
827 759 993
27 349 455
881 923 630
564 113 929
760 103 507
892 457 764
733 580 236
858 971 436
840 35 372
46 165 455
871 136 846
411 167 962
47 463 832
108 758 807
317 314 929
364 912 643
190 130 389
811 358 562
638 735 259
857 967 633
359 571 896
337 6 716
171 198 276
995 976 898
512 109 332
574 934 892
981 804 993
690 365 155
907 180 933
385 273 360
237 599 985
789 519 902
609 159 771
236 65 317
866 664 174
917 205 641
196 37 588
558 508 966
471 32 467
61 471 756
795 573 1
923 413 391
198 96 725
733 328 717
86 132 158
312 146 854
339 662 659
911 498 592
440 384 672
981 658 718
960 851 783
870 863 594
60 836 964
868 640 231
506 857 692
562 291 611
413 434 293
435 558 343
390 364 162
241 340 5
658 685 709
115 8 778
765 862 447
4 30 81
538 322 403
226 322 703
170 62 288
520 241 173
707 46 398
242 148 973
753 696 409
151 138 142
398 851 946
795 81 340
525 359 285
881 241 221
610 304 54
401 805 847
473 272 431
35 143 720
853 534 441
273 532 588
878 959 147
183 252 959
809 917 144
762 324 280
504 258 649
519 173 721
832 888 121
979 635 505
343 469 663
688 372 828
699 854 100
446 564 863
199 46 940
946 792 605
494 604 502
520 830 948
247 185 298
216 25 477
235 30 749
684 411 878
462 292 598
576 518 957
328 66 517
939 520 945
479 202 973
431 136 483
780 342 747
679 102 761
633 713 726
393 890 847
864 551 941
237 502 145
357 308 252
531 437 138
263 608 818
737 677 862
202 124 466
956 677 206
747 93 663
374 124 230
948 814 401
967 592 375
575 219 408
33 267 567
676 604 679
839 438 108
565 183 475
520 64 730
396 701 875
789 120 253
109 607 550
654 561 755
457 951 595
929 252 196
256 636 649
944 273 990
750 520 250
557 302 201
720 470 420
703 774 597
13 314 867
270 333 463
483 958 939
537 358 508
51 207 709
951 880 134
36 343 798
572 388 4
632 475 169
938 841 184
354 269 462
351 412 718
596 506 903
254 329 347
992 245 425
87 991 988
265 378 781
719 190 101
701 497 317
928 386 875
951 212 729
818 174 420
606 650 318
298 933 954
816 865 822
491 476 327
238 433 308
561 182 997
47 17 554
585 182 454
399 173 493
530 145 267
479 641 574
661 637 495
540 78 873
835 458 51
225 530 152
73 284 538
882 588 386
861 318 337
157 250 466
356 49 244
902 360 679
883 96 146
606 216 281
378 986 804
470 485 621
806 140 903
384 996 524
757 711 945
540 45 991
749 771 2
484 356 261
522 122 476
949 833 729
327 131 558
510 880 704
684 702 725
330 480 611
358 994 457
584 173 892
669 637 515
626 798 509
236 915 812
735 283 600
968 717 197
567 695 720
361 686 786
676 493 637
177 730 682
263 849 554
667 115 988
729 97 51
808 354 842
734 468 574
882 754 273
995 440 804
837 399 590
894 670 254
886 175 537
858 807 620
846 428 238
358 726 321
410 78 803
67 684 698
230 11 294
548 652 514
835 857 711
366 26 358
885 692 967
502 816 413
552 600 302
386 121 63
887 700 778
121 331 294
52 105 325
633 646 931
905 762 782
526 328 680
583 773 624
484 780 253
888 775 842
801 563 105
665 153 75
321 215 399
788 148 200
599 544 707
428 775 544
659 685 468
953 204 346
579 85 409
454 405 916
682 143 602
106 230 358
473 366 273
607 820 543
360 720 636
930 892 291
338 558 935
443 789 975
957 437 925
418 620 63
766 812 374
866 207 720
10 176 819
47 657 667
542 873 491
4 63 723
361 336 675
123 323 600
518 222 307
47 849 692
213 955 765
3 420 475
167 335 788
957 986 532
111 685 820
232 139 448
814 205 424
712 966 437
53 37 358
352 131 778
417 602 511
355 122 305
256 54 420
275 188 748
444 928 473
897 696 208
788 290 348
712 228 232
953 859 65
526 194 791
942 522 711
284 325 190
740 59 659
499 308 672
667 467 271
91 717 812
132 139 273
902 880 533
843 595 36
735 500 23
993 434 539
560 879 412
802 970 285
443 541 744
614 849 490
222 767 478
224 231 423
908 314 391
172 788 519
138 739 510
483 360 274
503 616 143
937 774 898
686 664 937
108 995 909
635 784 954
180 41 718
256 333 754
820 114 946
573 583 165
468 268 960
575 535 722
289 127 486
895 909 782
355 66 941
35 122 802
956 878 607
223 504 816
185 566 888
612 511 842
366 624 181
738 36 842
979 684 101
847 117 942
827 65 768
570 44 355
887 537 932
936 136 498
543 643 996
622 327 762
505 279 540
416 657 405
88 849 691
17 973 772
519 783 569
533 922 463
623 639 893
426 455 483
577 764 231
200 324 839
159 450 512
580 988 281
995 372 769
576 230 814
452 741 223
512 554 278
27 374 827
273 651 459
489 716 915
641 781 336
418 389 62
36 325 649
705 823 63
201 443 363
617 753 278
468 767 857
236 80 215
355 102 213
345 559 372
85 553 853
764 219 672
772 988 300
536 890 793
486 533 549
269 661 334
47 590 997
242 34 628
709 449 101
535 932 468
11 589 356
433 765 770
627 9 136
392 983 524
292 173 258
67 109 751
797 13 111
677 948 222
526 669 864
135 714 709
241 353 469
78 236 127
375 966 500
959 439 220
512 623 552
302 547 405
371 835 689
133 22 801
93 336 843
910 910 535
895 352 992
474 254 706
472 636 483
895 87 472
209 599 544
932 553 346
645 948 595
374 631 925
637 696 492
501 82 98
75 79 27
163 561 254
355 62 933
964 119 744
70 81 955
799 306 150
354 585 228
0 120 415
462 859 837
298 594 451
94 203 979
117 644 654
868 148 311
399 463 537
814 725 309
980 354 0
604 478 834
428 787 444
819 310 357
286 227 922
963 238 152
493 53 468
92 130 380
267 252 496
276 935 737
190 140 367
876 921 432
696 233 59
676 98 847
177 503 673
388 842 404
625 816 426
803 970 458
124 221 825
17 561 579
611 124 324
950 268 286
498 452 311
910 991 28
387 440 882
182 293 671
176 165 216
286 643 611
454 765 132
141 863 972
809 877 848
798 125 764
383 776 454
480 293 495
724 330 729
752 875 200
308 169 259
745 147 315
404 316 227
456 280 237
785 419 910
421 378 621
549 483 617
42 250 447
219 347 259
588 532 161
392 798 933
530 625 614
628 174 998
907 965 893
695 367 319
676 971 575
271 639 543
954 938 774
393 860 134
131 42 594
610 879 702
671 871 374
541 552 885
395 693 130
912 218 983
790 734 763
390 180 181
471 940 985
319 174 600
42 301 381
145 232 576
424 983 947
113 346 201
272 907 646
205 276 999
678 731 317
596 861 937
689 532 123
884 460 424
311 565 896
36 138 839
713 613 902
729 326 767
843 610 913
852 911 396
534 232 448
244 962 625
810 320 868
821 625 384
666 967 906
108 372 772
126 937 842
111 56 388
76 547 835
412 402 571
468 148 589
686 77 344
593 453 429
864 565 761
905 976 0
950 519 46
672 898 861
855 348 231
425 866 527
692 63 817
346 8 772
25 362 824
166 223 601
2 332 343
398 581 21
552 635 588
645 930 199
740 772 685
784 620 618
670 593 806
419 117 704
52 373 663
432 767 511
856 918 800
598 873 771
179 67 413
343 193 372
467 244 592
98 758 479
877 100 905
655 344 623
820 0 974
788 775 287
854 981 919
280 646 958
568 197 696
316 148 395
49 333 24
800 62 281
998 918 61
1 523 431
247 450 158
267 44 259
281 311 946
446 983 113
181 990 644
403 14 678
146 22 350
447 741 379
67 330 864
607 720 704
440 863 597
786 827 187
959 631 753
165 210 39
803 313 427
170 683 319
416 522 479
566 249 316
598 498 29
896 144 354
379 704 905
906 296 600
104 208 566
905 805 441
518 488 484
551 555 331
391 683 601
610 293 380
993 580 334
796 458 165
272 315 24
490 161 14
697 408 986
101 824 945
535 949 291
948 825 675
598 971 626
62 125 486
293 876 300
611 242 551
76 328 280
973 590 490
150 648 235
868 22 128
821 797 974
829 452 874
273 967 521
611 482 76
482 791 767
386 901 714
534 778 913
380 798 393
204 924 451
658 815 828
295 548 307
110 465 746
787 102 265
365 476 513
996 456 653
811 534 247
714 127 977
562 730 900
415 134 298
250 716 634
581 132 783
108 633 884
320 649 212
205 226 218
912 735 783
326 144 66
627 888 44
313 326 14
851 575 330
754 640 644
311 751 772
502 35 768
880 294 447
371 946 635
664 214 649
291 36 769
994 191 916
367 400 370
756 700 472
43 290 400
514 914 635
613 656 947
434 268 365
117 891 808
458 391 655
953 450 313
519 205 992
837 308 128
592 882 186
458 336 401
446 838 508
181 228 566
121 174 638
478 37 557
663 367 641
980 556 763
842 668 530
900 700 274
302 611 600
613 505 756
70 503 612
141 173 170
888 978 139
997 286 952
612 184 433
701 989 699
183 769 514
843 313 609
668 602 51
879 423 761
822 612 748
960 560 37
286 411 603
609 106 734
112 948 912
336 543 134
317 490 275
336 498 307
433 987 470
474 180 523
700 784 961
250 831 272
435 326 995
222 422 573
359 554 623
943 284 592
239 208 628
206 801 309
744 206 618
505 45 581
245 176 963
717 913 822
469 991 402
984 646 558
33 202 61
870 695 99
339 725 437
170 863 491
818 95 620
633 402 536
630 360 66
139 434 889
288 213 779
420 751 5
529 964 110
755 106 538
614 37 997
427 366 874
292 254 729
130 199 155
589 212 685
621 479 195
454 425 56
889 92 919
909 343 532
734 366 221
440 230 705
560 37 858
587 831 8
710 767 548
324 898 756
921 842 764
563 71 152
96 800 960
736 664 776
607 412 672
923 587 867
233 712 835
222 942 359
855 815 202
11 50 729
615 369 720
839 471 971
714 294 662
293 805 338
258 590 564
331 671 443
703 698 956
110 130 247
323 621 134
283 476 143
859 720 383
624 709 507
511 92 835
803 643 330
353 699 619
719 407 172
613 904 581
107 219 522
8 982 723
219 405 177
239 304 191
58 302 199
613 379 885
993 154 252
513 606 681
760 739 270
136 378 5
741 724 265
965 705 824
225 93 359
933 182 379
611 457 577
955 765 224
421 646 889
634 956 418
283 576 818
237 770 273
37 415 476
167 657 477
158 775 472
72 639 499
654 247 345
973 911 479
216 349 442
188 135 204
170 582 487
571 320 771
250 983 511
430 41 177
695 15 781
502 667 275
301 350 401
561 462 824
44 264 180
284 226 264
761 580 471
525 394 980
536 948 248
203 625 899
484 503 269
779 371 777
300 730 908
12 134 177
134 980 966
266 174 802
733 739 283
985 754 666
859 962 34
941 503 378
882 124 487
166 871 707
50 712 323
851 635 193
971 448 611
822 823 119
118 630 192
96 919 811
73 338 438
552 684 242
932 954 822
2 722 345
535 785 815
763 765 8
539 516 198
976 448 825
755 380 711
374 482 38
336 222 596
372 982 794
243 645 761
210 143 761
707 672 18
721 889 710
973 819 5
579 339 133
668 927 535
289 439 360
924 946 733
385 351 162
688 196 86
814 95 788
690 502 788
303 535 546
609 341 538
750 186 511
446 790 84
913 552 211
504 201 954
134 570 590
685 128 427
449 982 29
354 546 935
405 755 660
50 616 719
947 711 688
190 294 41
537 972 337
20 716 593
242 525 390
479 929 242
477 414 758
338 309 591
465 241 290
21 777 492
968 226 178
878 592 747
192 383 187
391 70 782
891 889 137
696 987 386
296 140 163
520 609 143
210 236 288
720 325 908
169 501 507
622 463 810
875 697 492
704 249 368
508 760 815
316 953 527
295 394 583
794 822 663
583 694 409
489 882 38
749 954 631
529 958 557
714 908 252
17 738 899
993 5 613
907 687 575
752 480 160
258 295 323
72 841 257
214 857 384
701 512 873
662 786 336
812 579 127
140 604 492
277 483 226
862 758 722
767 937 160
851 846 614
546 904 360
658 947 785
812 504 186
676 108 148
515 36 854
863 99 500
651 85 632
402 917 481
772 837 239
318 466 435
425 937 754
135 388 994
68 544 794
785 650 554
264 789 420
689 82 639
243 651 982
663 271 848
171 205 653
414 265 867
887 20 136
11 288 481
997 670 328
330 205 449
973 286 470
949 219 729
837 26 663
111 481 157
838 327 413
344 139 386
746 272 748
888 223 295
336 909 459
941 966 178
720 752 572
541 888 791
221 510 411
880 420 67
978 631 646
481 880 973
33 67 459
481 469 353
191 240 16
731 661 794
981 590 688
16 31 983
927 169 28
139 466 295
716 809 190
902 387 671
706 413 417
254 291 737
840 833 973
62 94 895
843 654 32
22 288 691
17 418 136
337 455 147
298 447 786
108 467 681
204 653 456
857 87 354
286 369 902
364 398 314
231 848 75
873 779 729
411 397 221
509 867 933
35 404 928
488 615 917
261 67 248
49 33 623
578 812 58
731 690 46
417 922 345
619 447 684
253 890 603
625 577 497
370 158 793
346 203 430
152 560 420
154 912 254
99 258 810
653 463 629
829 685 625
511 684 958
406 770 874
540 345 631
948 171 638
499 842 769
242 160 271
652 317 304
163 29 462
982 117 971
171 114 900
862 409 704
951 218 23
731 685 632
492 338 48
281 937 583
304 821 766
532 899 495
391 739 357
400 79 325
354 980 232
430 228 437
260 667 894
193 331 375
294 576 572
901 433 735
640 139 837
457 179 599
777 951 290
831 962 108
203 467 947
495 360 513
237 812 233
752 281 361
944 304 899
182 400 905
392 786 593
460 848 163
733 9 505
774 239 6
517 419 608
13 528 863
378 59 112
919 866 517
751 413 210
761 85 435
812 554 59
171 290 306
646 670 942
774 43 756
206 349 532
852 758 732
555 81 792
742 975 977
488 436 229
519 220 913
617 805 115
293 51 575
45 861 358
982 129 584
529 82 447
253 829 794
111 354 410
197 809 538
871 246 418
393 773 592
944 617 537
115 862 544
680 71 192
712 840 218
682 627 700
181 786 560
141 981 618
281 9 422
13 782 538
25 25 101
511 719 935
967 342 515
593 723 507
602 734 815
488 306 965
177 217 990
199 13 476
363 497 865
796 890 780
588 431 954
397 873 98
464 402 705
517 355 743
248 374 17
637 347 819
697 734 199
536 963 123
903 228 922
181 739 43
596 449 843
36 668 700
395 389 141
56 19 957
962 299 840
984 809 409
878 403 952
662 167 640
723 280 323
925 467 238
567 816 459
601 151 359
268 880 990
775 955 744
60 582 368
751 399 962
966 347 353
347 428 345
5 695 325
387 864 101
466 757 557
300 741 402
122 593 630
8 974 909
251 176 155
459 965 231
894 321 519
551 179 560
783 846 192
886 150 81
149 168 629
202 597 316
259 391 43
418 451 85
116 750 626
783 338 958
43 341 928
520 989 549
374 580 871
719 413 32
390 557 957
432 668 178
154 528 672
451 416 172
82 166 489
981 395 773
114 826 331
993 259 637
614 289 981
376 840 112
435 455 219
75 83 593
311 332 604
795 513 411
250 81 858
874 824 73
901 859 585
626 116 92
543 594 588
327 329 541
341 432 876
65 116 985
70 383 592
128 693 253
946 934 236
936 92 555
45 270 650
26 661 23
880 107 27
785 672 905
842 3 63
876 957 938
342 418 764
464 664 311
642 492 541
674 413 492
346 373 371
987 158 658
669 755 107
666 993 368
937 983 100
981 157 480
21 767 572
438 250 165
470 569 289
877 388 67
495 283 217
79 84 392
118 238 419
632 965 253
278 346 859
612 536 945
444 907 755
928 756 840
845 72 62
318 965 814
337 68 8
15 738 997
660 683 681
960 432 3
917 867 910
528 115 126
253 278 43
641 437 106
667 846 926
543 151 112
612 603 847
229 941 262
307 269 455
429 532 416
180 892 70
660 664 959
143 391 948
377 742 624
974 680 922
591 825 683
619 437 176
734 85 960
94 825 888
67 309 108
228 948 718
929 850 831
113 744 234
540 298 372
117 6 999
870 742 785
682 307 699
593 647 987
123 853 398
889 834 163
88 214 653
572 171 127
786 883 784
609 493 918
397 143 604
991 954 274
362 45 417
581 292 163
738 289 456
218 718 806
845 371 541
324 72 974
561 15 824
126 269 744
901 856 496
714 134 500
256 893 380
319 851 904
247 342 587
472 786 452
910 342 563
616 422 886
157 286 64
364 913 923
995 414 973
814 868 531
111 127 876
501 107 981
438 526 966
852 419 3
632 816 499
394 521 780
927 195 769
446 340 335
52 428 48
124 248 851
525 69 725
343 81 315
722 610 693
424 129 118
54 91 976
761 582 910
942 616 38
919 27 697
580 425 704
503 249 5
774 401 640
412 681 833
290 135 739
846 903 262
120 723 209
201 181 327
344 436 178
46 605 818
757 805 216
371 968 87
413 821 59
138 672 529
278 642 639
192 275 596
955 358 417
325 85 595
572 113 839
217 537 299
497 376 346
920 875 237
692 739 117
573 93 466
557 106 415
861 15 733
180 787 580
235 380 291
778 853 168
639 218 519
525 809 192
839 610 56
22 603 38
380 52 431
126 866 87
709 991 113
676 917 717
239 293 399
162 135 355
88 864 612
147 201 369
278 100 464
667 102 849
330 392 178
154 215 488
297 636 492
822 741 871
133 899 654
737 9 725
285 353 841
167 619 211
980 533 772
648 349 362
199 528 773
262 299 259
722 257 507
791 529 705
626 567 886
269 700 801
653 879 176
527 746 588
950 886 616
937 571 176
810 744 85
512 478 263
739 454 309
606 234 317
75 855 973
273 277 864
989 666 214
867 804 523
821 534 518
323 434 974
750 662 76
154 25 961
369 748 705
994 15 898
125 241 310
770 564 579
505 9 239
911 655 576
330 875 288
387 268 950
666 354 486
206 38 589
351 939 547
626 582 492
181 388 989
579 36 96
789 902 865
913 788 596
172 374 845
583 326 948
26 358 441
704 928 934
88 640 341
662 940 75
903 682 247
492 799 897
890 952 753
319 241 540
381 803 552
949 631 356
310 187 436
758 227 605
18 699 58
905 874 868
71 239 506
139 713 640
52 303 770
373 430 972
975 9 253
614 275 920
301 51 951
687 745 760
867 581 556
611 508 968
197 383 387
569 691 709
569 457 813
749 840 178
918 571 607
176 965 864
431 748 729
791 442 326
113 754 970
890 255 261
653 58 650
407 714 337
638 19 827
604 980 80
706 301 500
475 601 986
71 313 603
104 599 797
513 680 974
393 515 254
946 863 353
647 788 896
682 48 798
101 392 322
410 157 296
948 153 698
75 1 657
92 166 919
107 769 469
214 418 382
304 472 762
637 447 545
829 140 898
754 207 510
343 890 936
914 888 810
604 231 280
770 418 465
481 52 854
867 929 642
959 126 320
297 383 684
595 393 67
358 834 273
701 335 12
530 135 476
299 776 336
803 916 275
468 212 775
962 850 964
919 610 794
216 325 984
794 921 563
538 639 466
667 329 475
801 965 296
537 105 121
345 134 872
980 743 929
558 275 43
741 444 222
254 587 82
284 3 305
441 723 96
217 713 913
334 626 343
251 663 497
757 346 527
981 177 821
297 297 970
562 176 945
554 470 605
530 72 673
506 114 810
11 754 841
852 259 743
76 13 471
192 89 494
698 690 806
638 406 761
901 751 433
936 874 943
148 285 481
55 420 247
208 388 747
110 30 817
171 593 871
438 608 945
519 763 976
309 973 123
6 676 863
172 876 760
69 936 795
565 704 907
244 225 301
608 771 722
930 931 175
90 681 389
210 625 511
507 634 13
623 100 963
693 115 849
203 535 443
855 746 551
303 901 971
450 23 560
952 532 370
548 315 476
714 842 429
610 177 431
511 111 132
628 610 225
453 767 254
363 394 284
164 490 936
347 897 540
450 163 529
32 464 324
41 102 898
269 322 275
545 690 263
905 821 107
782 10 386
796 314 841
870 268 439
484 321 491
348 548 70
497 165 58
434 993 119
917 681 200
649 473 623
983 800 439
265 404 201
659 830 973
58 679 243
325 656 503
224 588 794
407 12 644
458 72 870
252 866 618
799 239 613
604 914 810
598 508 318
295 28 993
379 493 352
709 537 377
319 673 569
700 999 96
233 30 808
342 647 922
906 636 434
732 171 536
285 795 576
733 632 200
548 524 662
347 669 929
878 681 443
371 88 948
956 743 960
756 351 667
632 680 743
427 864 619
994 687 152
551 132 473
84 391 983
847 633 197
952 740 445
880 123 438
975 940 117
974 516 577
683 768 835
280 210 626
392 899 920
530 391 410
184 962 360
492 484 814
481 401 147
60 258 303
890 758 172
588 981 694
439 769 306
739 354 639
213 538 419
397 330 986
792 956 49
881 935 540
546 946 387
238 646 64
175 810 574
9 641 561
877 613 983
588 214 93
708 81 888
200 411 56
509 281 273
370 470 778
830 665 47
251 301 779
29 81 376
639 273 681
610 139 228
753 234 714
975 126 649
343 86 253
988 761 379
536 263 256
223 767 713
873 216 727
190 451 980
510 399 547
7 149 412
237 907 835
661 963 79
732 260 353
642 518 550
541 622 670
356 700 528
322 419 285
421 616 869
228 448 546
887 230 583
613 819 254
416 43 592
531 280 599
268 985 762
197 349 229
349 740 848
701 903 294
389 572 931
231 306 297
999 882 256
605 468 747
724 529 627
185 516 921
814 208 952
904 488 673
667 235 626
84 906 773
735 835 225
170 945 221
431 283 744
22 878 99
897 621 824
659 820 296
456 796 237
191 988 797
741 439 710
84 219 135
561 285 13
658 919 78
954 22 462
547 897 624
917 937 650
495 47 440
728 493 689
794 18 117
0 599 113
601 274 806
313 931 143
822 407 231
151 18 860
337 552 966
673 281 799
865 683 3
736 155 900
969 841 574
403 579 62
46 711 92
672 2 561
423 958 715
920 412 392
677 614 428
452 662 606
650 876 508
635 905 861
12 634 515
364 802 560
272 260 914
880 776 523
571 514 755
359 112 82
910 246 998
420 657 911
536 609 862
896 798 492
228 399 203
371 202 787
250 954 675
222 374 338
652 585 507
569 649 802
99 252 249
340 908 891
901 734 37
528 712 163
549 833 395
115 473 17
825 564 62
608 497 670
864 227 948
16 78 279
542 400 714
122 618 547
387 139 506
691 26 672
916 708 544
94 694 29
568 83 387
253 808 871
382 700 877
287 830 548
76 280 225
304 512 214
720 14 269
364 548 936
166 915 897
987 382 921
132 670 350
106 222 68
11 970 591
64 591 928
835 842 693
594 915 225
335 934 779
649 797 206
399 236 180
685 272 932
804 635 193
787 390 574
54 761 565
587 565 753
650 188 868
933 674 187
981 339 362
490 917 248
267 297 763
820 59 212
582 76 760
854 20 152
994 635 617
807 834 743
30 814 784
532 818 160
105 125 912
240 50 834
627 759 907
363 99 871
889 888 13
922 165 153
69 680 855
100 220 265
726 129 827
91 399 772
231 220 469
391 533 192
244 858 831
794 581 150
247 902 219
602 13 227
994 188 982
530 500 170
268 352 881
111 111 718
962 289 410
732 4 987
463 466 43
317 725 219
558 741 788
84 881 746
874 50 771
706 952 770
642 278 464
636 402 405
324 994 498
751 17 786
821 165 572
845 146 547
104 691 621
606 295 139
48 120 498
484 371 477
712 459 853
195 403 3
860 690 87
781 262 47
529 744 135
871 544 90
120 87 961
669 517 503
277 823 122
334 988 62
599 75 870
445 48 724
673 864 729
896 918 136
85 18 871
326 89 388
723 493 332
294 551 390
339 972 265
288 809 233
528 993 763
825 996 355
447 99 319
483 318 997
552 997 390
615 261 565
291 826 297
575 753 329
358 568 864
234 79 573
933 370 15
2 161 938
265 998 806
417 12 686
513 775 817
386 502 969
666 765 459
630 403 172
807 225 146
577 211 716
378 91 46
72 878 253
719 142 330
962 669 85
587 418 309
795 485 930
386 400 470
195 602 292
380 909 830
54 948 498
362 963 607
767 673 372
293 844 631
607 416 623
398 144 30
342 898 967
428 198 506
419 194 345
82 865 162
862 931 359
558 814 440
630 289 78
28 77 564
737 276 95
560 984 281
314 633 186
405 909 811
749 206 991
690 13 131
61 75 477
939 827 556
497 402 359
380 603 231
788 554 489
5 344 88
5 741 985
879 872 525
700 268 30
367 425 629
268 814 905
843 545 331
707 818 624
273 65 605
605 741 448
546 460 273
12 710 453
463 945 841
906 376 619
407 734 325
240 964 975
965 428 584
271 821 553
917 877 153
423 769 482
362 986 861
160 130 815
154 776 878
187 971 457
685 652 705
691 695 806
527 444 203
87 259 508
439 953 490
251 564 810
827 217 825
573 851 983
478 692 261
671 810 288
150 558 162
309 853 479
33 410 332
197 496 520
736 411 328
605 130 563
130 114 272
583 472 792
694 209 508
31 390 128
587 977 390
819 437 10
523 92 357
753 703 666
499 842 463
234 486 471
858 696 619
133 494 488
576 848 871
879 483 139
514 988 924
57 153 475
48 353 807
764 290 473
380 484 211
517 667 183
955 665 904
261 555 825
203 504 222
45 667 695
286 193 508
598 844 948
246 363 81
243 34 751
426 504 163
405 740 633
706 737 992
587 584 2
779 401 138
4 954 293
621 526 140
319 814 559
193 539 329
104 444 605
803 465 997
768 227 501
88 180 746
752 390 367
616 144 904
910 279 513
302 885 305
314 926 756
220 488 473
571 117 314
878 110 777
835 876 669
533 993 343
959 897 820
633 989 717
180 714 356
359 880 311
11 979 578
233 979 619
652 564 885
784 239 940
220 99 254
988 943 6
942 824 988
692 969 408
579 171 67
887 476 561
506 353 822
0 850 261
934 319 629
342 942 935
768 901 559
336 334 354
42 572 96
356 141 466
88 68 864
503 360 365
266 849 599
922 268 986
20 709 346
397 183 438
535 816 935
118 263 696
789 897 671
638 839 755
872 736 972
39 229 167
239 812 783
568 153 797
422 88 943
475 383 408
644 287 543
412 432 609
595 492 850
115 263 838
972 134 856
567 237 706
668 22 273
189 45 836
872 446 182
835 351 558
62 844 884
719 190 88
453 898 563
262 101 12
304 489 486
659 606 252
969 307 911
639 243 310
846 920 445
988 884 96
89 387 72
635 66 73
820 982 490
598 354 193
534 234 550
630 501 206
11 819 366
740 119 933
630 823 597
951 43 631
214 221 919
211 341 878
921 563 454
524 657 777
970 644 460
184 600 509
690 436 821
239 316 483
730 960 275
416 831 977
137 83 545
880 657 720
69 756 517
623 389 794
465 812 968
555 313 168
262 469 761
809 794 947
418 633 407
757 697 11
213 698 215
981 624 780
519 21 943
822 631 281
257 429 134
45 313 617
755 200 10
306 946 396
538 170 911
88 85 235
310 843 953
769 125 298
438 618 962
349 420 76
1 697 782
310 901 323
967 119 138
359 914 295
556 785 793
976 646 145
468 491 594
78 533 816
96 631 22
708 164 142
594 108 608
679 820 94
255 958 758
523 164 818
420 710 146
963 148 656
706 481 869
382 208 586
845 618 255
369 547 310
666 752 219
276 264 758
254 847 767
603 979 161
524 415 95
185 875 383
638 730 74
161 626 150
160 172 985
14 797 361
960 275 731
82 855 105
20 980 841
748 586 330
484 895 745
558 155 848
133 28 922
698 308 572
853 474 722
434 987 518
121 35 443
660 724 543
557 285 424
479 349 970
189 83 559
18 532 288
417 350 928
597 974 138
690 265 104
372 829 971
930 291 713
241 263 677
29 469 245
941 772 416
206 187 543
63 109 660
452 205 64
992 396 354
933 367 967
920 954 875
286 512 174
21 757 71
828 481 158
340 691 221
709 52 156
921 842 553
31 137 81
619 485 40
11 852 948
903 498 522
711 98 676
738 648 52
440 965 94
971 436 273
999 174 417
485 922 284
55 143 564
338 411 497
242 273 498
638 980 16
537 901 694
899 951 72
511 52 478
952 568 627
196 906 228
408 383 511
864 638 838
816 744 94
746 943 848
933 355 144
697 418 240
763 761 192
25 714 133
623 665 371
900 287 913
831 548 494
105 30 705
291 514 26
383 420 970
549 559 200
166 357 869
669 493 617
257 815 769
370 275 723
964 436 67
904 265 427
892 910 66
970 569 625
476 581 304
331 198 150
387 39 739
250 414 781
944 857 818
5 904 930
432 626 464
803 989 719
312 311 523
389 741 131
407 223 534
2 887 753
589 579 699
539 454 618
966 418 782
489 712 778
65 59 859
974 354 282
470 302 75
530 251 999
913 750 782
849 949 755
721 880 861
11 841 484
864 276 753
23 798 135
667 118 535
553 723 321
866 138 381
856 434 256
8 980 720
214 906 212
359 667 248
585 477 2
385 620 862
837 129 368
722 780 366
527 141 55
525 101 652
355 514 512
150 456 461
795 133 34
682 811 638
673 642 460
291 406 594
663 982 559
365 812 901
18 539 899
499 131 281
120 649 530
352 56 106
133 207 511
893 425 330
740 932 128
32 428 276
664 809 616
497 29 501
422 24 643
520 584 286
616 952 296
533 133 763
357 214 872
195 309 55
37 177 488
777 322 961
645 296 173
800 442 518
651 794 108
64 76 727
62 503 820
473 733 246
814 971 705
470 316 389
45 768 715
610 933 418
637 697 246
837 698 310
740 218 24
563 154 502
532 149 560
952 735 879
361 625 515
850 609 118
950 317 436
310 438 272
795 71 818
596 13 931
140 853 164
465 804 840
811 50 628
124 675 756
35 446 678
105 59 569
702 447 953
447 479 643
186 724 853
272 842 95
555 316 379
251 249 52
539 413 765
956 317 507
198 804 974
789 269 428
52 965 99
841 516 676
307 634 309
876 123 608
800 739 903
887 122 658
960 906 366
759 39 883
662 184 929
14 892 86
826 484 704
975 535 229
967 215 642
651 697 369
534 699 383
758 907 636
386 855 725
783 205 890
60 326 61
373 60 769
580 299 357
601 649 471
777 646 592
578 994 870
245 860 979
281 900 767
963 772 446
778 468 502
799 129 77
853 560 590
984 100 475
614 213 400
418 671 805
56 344 27
27 698 426
955 228 767
576 133 54
520 307 596
383 258 635
378 841 306
374 684 568
983 113 976
176 279 387
430 716 790
583 765 969
356 1 188
599 817 822
733 613 421
84 808 38
45 438 377
174 656 110
592 387 163
372 866 598
483 881 744
773 252 299
85 55 511
187 950 628
367 959 689
973 525 349
833 155 437
320 361 269
371 521 985
775 925 311
440 21 109
868 461 867
240 567 25
444 813 574
802 609 444
787 125 251
192 51 794
170 146 890
706 425 390
672 638 262
297 303 309
63 134 888
707 774 508
474 973 642
569 878 772
628 457 800
978 918 58
831 986 75
866 358 396
487 986 187
343 478 992
137 288 4
985 221 252
484 149 865
213 86 379
390 510 870
794 34 834
604 320 739
414 307 444
899 866 851
603 982 605
410 206 592
588 892 373
881 439 524
310 846 26
619 439 694
255 501 84
272 809 24
825 404 181
441 944 352
561 73 531
568 480 378
293 711 889
912 924 73
265 367 672
68 988 59
966 651 293
420 419 525
463 731 885
591 959 20
846 754 938
330 583 265
739 400 847
0 578 508
406 116 365
642 119 269
686 197 510
34 888 521
530 449 67
617 227 987
420 357 661
514 283 664
285 362 850
0 652 383
358 259 506
126 965 141
198 491 156
222 244 365
639 443 153
188 648 346
57 831 675
243 818 604
733 278 109
32 609 274
58 29 556
313 882 336
85 806 708
348 872 95
518 527 39
323 984 725
699 625 647
340 813 186
640 366 852
190 57 928
453 930 477
876 83 658
264 882 100
389 411 339
38 722 158
398 233 392
563 539 289
853 659 785
589 265 384
524 282 472
545 431 865
607 32 785
385 275 231
556 811 774
21 965 850
76 518 728
407 816 405
441 818 784
127 104 835
212 933 62
603 187 552
918 426 646
298 160 234
122 414 434
303 86 148
105 857 717
723 688 630
696 293 924
498 635 81
367 784 632
203 745 101
981 716 748
178 960 992
216 407 489
341 644 287
907 585 786
427 549 278
307 147 617
23 1 676
324 51 986
286 93 128
259 669 294
718 231 692
485 363 194
39 959 860
206 219 420
536 945 623
296 245 636
445 989 710
258 428 185
827 521 464
79 62 612
815 275 613
477 504 341
914 955 750
489 281 226
664 335 788
6 816 128
451 118 963
3 25 22
159 126 794
789 993 655
497 317 905
524 7 30
590 432 175
929 275 316
125 721 68
921 625 882
958 297 969
242 962 681
979 668 584
995 807 940
129 598 587
267 810 549
424 641 153
398 87 291
221 232 671
47 188 950
514 569 366
467 500 703
325 0 474
610 26 822
389 62 170
468 746 701
381 738 930
118 344 110
368 356 917
471 84 665
332 526 878
203 472 605
426 169 14
66 331 182
183 304 714
469 802 946
986 154 977
111 766 604
703 522 209
273 51 921
336 390 885
741 646 848
952 596 631
799 966 137
555 490 563
306 946 219
720 231 762
682 310 463
768 551 206
714 106 152
210 233 650
49 70 919
470 573 586
69 519 738
786 842 529
58 989 932
234 392 359
648 729 298
153 545 169
359 779 969
66 347 155
980 889 404
59 569 241
766 962 327
300 994 956
464 769 793
969 981 216
973 513 367
352 756 5
739 877 888
964 924 308
286 876 614
161 25 980
175 122 312
965 20 12
856 441 638
128 854 837
53 591 939
91 115 963
863 640 625
975 803 598
164 601 480
146 850 607
391 966 170
575 159 363
667 580 522
31 351 856
758 287 507
554 281 250
618 45 911
873 919 97
747 597 681
144 419 849
929 578 664
208 764 436
152 920 563
144 662 129
785 548 562
164 941 18
118 218 796
516 857 374
849 419 218
987 254 566
461 698 965
548 100 329
976 967 543
578 433 289
874 239 673
185 102 154
302 979 898
101 165 281
203 951 886
204 295 525
515 814 990
963 995 302
207 880 547
807 288 545
942 882 686
713 133 717
768 549 804
443 128 499
280 957 775
26 34 422
380 590 177
259 293 304
442 382 981
670 731 494
673 727 359
591 970 589
980 165 299
957 709 443
83 176 107
209 367 351
728 137 377
394 0 512
308 264 748
802 336 755
489 470 617
576 206 887
596 146 154
39 610 347
522 244 445
808 260 928
99 178 352
271 929 8
841 653 760
578 683 155
134 275 658
100 675 855
877 489 956
513 569 567
502 741 645
980 763 352
803 763 804
349 801 653
199 498 615
855 283 910
17 625 256
851 799 488
746 428 280
215 483 2
291 413 724
164 982 596
338 248 779
933 595 914
494 523 215
100 540 465
30 952 580
150 301 536
517 79 488
458 115 590
869 426 546
651 970 438
944 50 468
220 417 806
471 994 989
429 56 227
378 515 866
457 35 113
269 799 332
241 293 610
144 125 319
792 874 337
247 357 81
118 521 494
277 580 728
798 194 792
20 348 541
350 688 929
228 558 499
364 962 601
30 936 475
34 987 359
54 654 281
762 440 139
303 765 703
870 90 13
682 58 744
620 474 384
916 141 922
583 599 113
251 707 860
611 945 279
326 733 932
754 949 168
781 64 546
86 242 446
655 868 393
777 803 365
14 115 738
361 421 601
781 484 936
209 782 884
684 584 440
109 695 206
812 574 59
200 954 710
778 482 325
510 846 425
165 664 144
238 423 771
917 514 202
44 675 852
831 995 938
773 884 658
726 174 744
798 511 431
954 954 580
499 594 197
205 207 802
504 863 436
605 691 341
731 643 936
274 227 282
729 528 663
280 801 855
294 182 334
860 638 542
535 494 88
970 517 823
679 268 123
87 160 654
680 853 877
731 361 93
371 521 470
796 768 520
394 845 831
3 140 330
542 540 682
966 154 681
534 551 831
481 824 576
512 369 72
935 167 411
484 582 379
229 914 137
47 127 516
507 765 38
159 663 675
848 777 65
3 88 502
791 84 660
460 113 546
685 399 301
315 581 404
693 825 560
24 213 854
437 438 424
877 314 712
532 741 127
516 481 19
573 166 773
116 310 418
523 614 545
915 419 421
656 828 623
59 271 910
933 572 9
262 914 650
682 991 79
301 126 666
122 154 154
260 771 954
769 104 34
807 684 448
589 60 539
39 583 759
740 110 551
879 559 910
125 988 540
105 747 830
34 500 727
647 325 863
467 942 136
2 613 893
590 871 191
725 46 989
536 529 850
473 383 132
708 710 338
304 428 512
471 114 750
524 269 432
910 49 479
624 477 69
705 591 590
586 5 19
106 586 855
541 531 896
337 889 760
727 364 195
541 199 745
818 586 829
714 394 472
152 583 840
642 493 948
235 60 488
492 65 155
944 596 838
193 613 111
269 669 385
172 172 202
540 959 809
356 628 632
157 339 314
241 407 756
247 846 638
557 791 836
575 653 905
978 920 54
462 414 539
764 317 687
40 954 585
506 528 400
208 631 433
230 454 180
723 437 647
397 750 760
600 960 325
691 293 360
137 519 80
355 729 199
358 163 863
722 918 607
748 539 256
136 191 793
933 894 440
593 893 753
541 174 937
394 618 648
170 262 44
794 717 204
540 62 503
518 538 428
405 453 441
333 206 499
997 471 679
439 273 931
713 570 496
107 945 132
345 910 815
411 765 521
313 864 590
424 788 761
686 238 718
864 448 565
521 509 82
372 211 485
718 414 166
20 256 886
704 611 668
188 257 370
348 23 483
650 913 529
166 400 893
127 408 577
480 787 781
814 751 923
250 253 326
549 168 156
454 2 953
371 838 206
826 93 135
339 116 101
838 536 728
564 378 290
102 160 577
63 214 429
994 847 320
994 925 298
917 984 627
360 662 19
781 980 801
289 671 437
171 668 42
79 199 602
971 571 428
20 103 957
298 299 185
303 194 961
597 834 430
450 882 725
31 213 834
564 259 409
441 276 739
2
2
2
2
2
1
0
4
2
4
1
2
0
1
0
2
2
2
2
2
2
2
2
2
1
1
2
2
2
2
2
2
1
2
2
1
2
2
2
2
2
1
2
2
2
2
4
2
1
2
1
2
4
1
2
0
2
2
2
2
2
2
2
2
2
2
4
2
2
2
2
2
2
2
2
2
2
1
0
1
2
2
2
2
2
2
2
1
4
1
4
1
4
2
2
1
2
2
0
2
2
2
2
2
0
2
1
2
2
2
4
2
2
2
1
1
2
0
1
2
2
2
2
2
2
2
2
2
2
0
2
2
2
2
2
2
1
2
1
2
1
2
2
2
2
2
2
0
2
2
2
0
2
2
1
2
1
2
1
2
2
4
2
2
2
2
1
1
2
2
4
4
2
2
2
2
4
1
2
1
2
1
2
2
3
1
2
1
1
2
2
2
2
2
2
2
2
1
2
2
1
2
2
1
2
2
2
2
2
1
2
4
2
2
1
2
2
4
2
2
4
2
2
2
2
2
2
2
1
2
2
2
2
2
1
1
2
2
2
2
2
0
2
2
2
2
4
1
2
2
2
4
2
2
2
2
4
1
0
2
1
2
2
2
4
1
2
2
2
1
2
2
1
2
2
1
1
1
2
2
2
4
2
2
1
2
2
2
2
1
2
2
2
2
2
2
2
1
2
4
1
2
2
2
2
2
2
4
1
2
2
1
2
2
2
1
2
2
2
1
2
2
1
2
0
2
1
2
2
2
2
2
1
2
1
2
2
2
2
1
1
1
2
2
2
2
2
2
1
0
2
1
2
2
2
2
2
2
1
1
2
1
2
2
3
2
2
2
2
0
1
4
2
2
2
2
3
2
2
2
2
1
1
1
2
1
1
2
2
1
2
2
2
1
2
1
1
0
2
2
2
4
2
3
2
2
2
2
2
4
4
2
2
2
1
1
1
2
2
2
2
2
2
1
2
2
1
2
0
2
2
2
2
1
1
2
2
1
2
2
2
2
2
2
2
2
1
1
1
2
1
2
2
1
4
2
0
2
4
4
2
2
2
2
2
2
2
2
2
2
2
1
2
2
2
2
2
1
2
4
2
2
2
1
2
2
1
1
2
0
1
2
1
1
1
2
1
2
2
2
2
2
2
2
2
4
2
2
3
1
2
2
2
2
2
2
1
2
2
2
1
2
2
2
1
2
2
0
1
2
1
2
3
1
2
2
2
2
2
2
2
2
2
2
2
2
2
2
2
2
2
2
4
2
2
4
2
2
2
4
2
2
2
1
1
2
2
3
1
4
2
4
2
2
2
2
2
2
2
2
2
4
2
2
2
1
2
2
2
2
2
2
2
2
2
2
2
2
4
1
2
2
2
2
2
1
2
2
2
2
2
2
2
2
2
2
2
1
2
2
1
1
1
2
2
2
1
0
2
2
2
1
2
2
1
2
2
2
2
2
2
1
2
1
2
2
2
2
2
2
2
1
2
2
2
2
1
2
3
2
2
2
2
2
1
2
1
1
2
2
1
1
2
2
2
1
1
2
2
2
2
2
1
2
2
2
2
4
2
1
2
2
2
2
2
2
1
2
2
2
2
1
2
2
1
2
2
2
2
2
2
2
2
0
1
2
2
2
2
2
2
1
2
1
2
2
1
1
2
1
2
2
2
1
1
1
2
2
2
2
1
1
2
2
2
2
2
3
2
1
0
2
2
2
2
2
2
2
2
2
1
2
2
0
1
2
2
2
2
2
1
2
2
2
2
2
2
2
2
4
2
2
2
2
2
4
2
2
4
2
2
0
2
4
2
2
2
1
2
2
2
1
1
2
2
2
2
0
1
2
2
1
1
2
2
2
2
2
2
0
2
2
2
1
1
1
2
1
2
1
2
2
1
2
2
2
1
1
2
4
2
2
2
2
1
1
4
1
2
2
1
2
2
2
3
2
2
1
2
1
2
3
2
2
1
2
2
1
2
2
2
2
2
2
2
2
2
4
1
1
2
1
2
2
2
1
2
2
2
1
2
2
1
2
2
4
2
2
4
2
2
2
1
1
2
2
1
0
1
2
1
2
2
2
2
2
2
1
2
1
2
4
1
2
2
2
2
2
2
2
2
2
1
2
1
2
1
2
2
2
2
2
2
2
1
2
1
2
2
2
3
2
1
2
2
2
2
2
2
2
1
0
1
2
2
2
2
2
2
2
2
2
2
2
1
2
2
2
2
2
1
2
2
2
2
2
2
2
2
2
2
2
2
1
2
1
2
1
3
4
1
2
2
1
2
2
4
1
2
4
1
2
2
4
2
2
1
1
2
0
2
4
1
2
3
2
2
2
2
2
2
1
1
1
2
2
1
2
2
2
1
2
2
2
1
2
2
2
1
2
2
2
2
1
2
2
4
0
2
2
2
2
2
2
2
2
4
2
4
4
1
2
1
2
2
2
2
4
2
1
1
4
2
2
2
4
2
2
2
2
2
4
1
4
1
2
1
2
4
2
2
2
2
2
1
2
2
4
1
4
1
2
2
3
2
1
2
2
2
1
2
2
1
1
4
2
2
2
0
2
2
2
2
1
2
2
0
2
2
2
1
2
2
1
1
2
3
2
2
2
2
4
2
2
4
2
2
2
2
2
1
1
3
1
2
1
2
2
2
2
4
3
2
1
2
2
1
1
1
4
1
2
4
2
2
1
1
2
1
2
2
4
2
1
1
2
2
1
3
2
1
2
1
1
4
2
1
2
0
1
1
2
2
2
2
2
1
3
2
2
0
4
4
4
2
1
2
1
2
1
1
0
2
1
2
0
2
2
2
2
4
2
2
1
2
1
3
1
3
2
2
2
3
2
1
2
4
2
1
2
2
2
1
1
1
2
2
2
1
2
2
1
2
2
2
2
2
4
0
4
1
2
1
3
2
1
2
2
2
1
2
4
2
2
2
2
1
2
4
2
1
2
2
4
2
2
1
1
2
2
1
3
1
4
4
3
1
1
2
0
2
1
1
2
2
2
2
2
4
2
2
4
0
2
1
2
1
2
2
2
2
4
4
1
2
2
1
1
2
2
2
2
2
2
4
2
2
4
4
2
2
1
2
2
1
4
2
2
2
1
2
3
2
2
2
1
4
2
4
2
2
3
2
2
2
2
2
2
4
1
1
1
2
2
1
2
4
4
0
2
0
1
2
2
2
2
4
2
4
4
1
2
2
2
2
2
2
2
2
1
0
2
2
3
2
2
2
4
2
2
1
1
4
1
1
1
2
0
0
1
1
2
1
1
2
3
1
1
2
1
1
1
4
3
2
2
3
2
2
0
2
2
2
1
1
2
3
4
2
4
3
2
2
0
1
2
0
0
0
4
2
2
1
2
1
1
2
4
2
2
1
2
2
1
2
1
1
2
4
2
3
2
2
2
2
2
2
2
2
4
0
0
2
4
2
2
4
1
1
4
2
2
4
4
1
0
2
4
4
1
4
0
4
2
1
1
0
1
2
3
2
2
4
1
1
4
4
0
2
2
4
1
1
2
4
2
1
1
0
4
2
2
0
2
1
1
2
2
2
2
2
0
2
2
2
2
0
0
0
2
2
1
2
4
1
2
0
1
1
2
2
2
3
2
4
2
1
2
2
1
1
0
1
2
4
2
1
4
2
2
1
1
2
2
4
3
2
1
1
1
4
1
2
2
4
2
2
3
1
2
0
0
2
2
2
1
0
4
2
2
2
2
2
2
0
2
4
1
2
4
2
4
2
2
0
2
1
1
1
2
0
0
1
4
2
4
2
2
1
2
2
2
3
2
4
2
2
2
1
1
1
1
2
2
2
2
2
3
3
2
2
4
2
1
1
1
1
4
2
4
2
2
2
2
1
4
2
2
1
1
2
0
2
2
2
3
2
2
2
1
0
2
3
0
0
1
1
4
0
1
1
4
1
2
2
3
2
0
2
0
2
2
4
2
2
2
1
2
2
4
2
2
2
2
4
4
2
1
4
2
2
1
4
2
0
2
4
2
2
2
4
4
2
2
2
4
4
2
0
1
2
1
2
2
2
2
1
0
2
1
4
0
2
0
4
4
2
2
2
2
2
4
2
1
2
0
2
1
2
2
1
1
2
2
2
2
4
2
4
1
1
2
2
2
2
2
1
2
1
0
3
2
2
2
0
2
4
2
2
3
1
2
1
4
0
0
4
2
2
4
2
1
2
2
1
4
2
2
1
2
4
2
0
3
4
4
2
2
4
1
1
4
4
2
2
2
1
0
2
4
4
2
2
2
2
2
4
2
2
2
0
1
2
2
2
1
4
3
1
2
2
2
4
1
4
2
1
4
4
2
2
2
2
2
2
2
1
0
0
0
0
2
2
2
3
0
3
2
1
2
2
3
2
4
1
4
1
0
0
0
2
2
1
1
0
2
4
1
2
4
1
2
0
0
2
2
4
1
4
2
2
1
1
1
3
2
3
2
2
0
0
3
2
3
0
1
1
4
2
0
2
4
4
2
2
4
1
2
1
1
4
2
3
4
2
0
2
4
4
2
2
1
2
2
4
2
2
1
2
4
2
2
1
2
0
4
0
0
4
2
1
0
0
2
2
0
1
3
3
0
4
1
2
1
2
2
2
2
4
1
2
2
4
2
2
3
1
2
2
2
1
4
4
2
4
3
0
0
2
3
2
4
2
2
2
2
2
2
4
3
0
2
1
1
2
4
2
1
2
1
2
2
1
2
1
2
2
2
0
2
1
2
2
4
3
2
2
0
3
2
2
1
2
0
2
2
2
2
0
4
2
2
1
2
1
3
1
0
4
1
1
0
2
1
0
4
2
4
2
1
2
1
1
4
4
4
2
4
2
1
1
0
4
1
2
2
2
2
2
2
2
1
2
1
2
1
2
2
2
4
4
2
2
4
1
4
2
2
1
1
2
2
2
3
3
1
2
4
2
2
1
2
4
2
4
2
1
0
2
2
2
3
1
2
2
1
2
2
2
4
2
4
1
0
2
2
1
1
0
2
2
2
0
2
4
2
0
0
1
0
1
2
2
2
2
2
1
1
2
2
2
4
2
2
4
2
4
4
2
4
2
1
4
2
2
2
2
2
2
2
2
2
2
2
0
2
2
0
0
4
2
4
1
1
0
4
2
2
3
2
1
0
4
4
0
2
1
4
2
4
2
4
1
4
1
2
4
2
2
4
4
1
1
2
1
3
2
2
2
1
2
1
1
4
3
2
1
0
2
2
2
2
2
4
2
2
0
2
4
3
3
2
0
0
4
2
2
1
1
4
1
2
2
2
2
2
0
1
2
3
2
0
0
4
2
4
2
4
1
2
4
2
1
2
2
2
4
2
1
0
0
2
4
2
2
2
2
2
4
3
1
2
2
2
1
3
1
2
2
1
2
2
2
1
2
2
4
2
1
4
2
2
0
2
2
2
1
2
2
4
2
2
2
2
0
1
2
1
2
0
1
2
3
2
2
4
2
2
1
3
4
1
4
1
3
4
4
0
1
1
2
1
2
0
2
3
4
2
2
2
0
0
3
2
4
3
0
1
4
3
2
1
1
0
1
1
2
4
1
0
2
0
2
1
4
2
2
1
0
2
2
2
2
4
2
2
2
3
4
2
2
1
1
2
2
2
2
4
2
2
2
1
2
1
2
4
2
2
1
4
2
1
0
2
2
1
2
1
2
0
4
2
2
2
1
2
2
1
2
4
2
1
1
1
2
2
2
2
2
2
2
1
2
2
3
2
1
2
2
1
2
2
4
2
4
2
2
1
1
2
4
2
2
2
0
1
2
1
1
0
0
1
2
2
2
2
2
2
2
2
2
2
1
4
4
4
2
4
3
2
2
2
1
2
2
2
3
0
2
2
4
2
4
1
4
1
4
0
2
2
2
2
2
2
2
1
2
1
1
2
2
2
2
1
0
1
1
1
2
2
4
1
1
1
2
1
2
3
0
0
4
2
2
0
2
2
2
2
2
2
2
0
4
4
0
1
4
2
0
1
0
4
3
2
2
2
2
4
4
4
3
2
2
0
2
0
0
1
2
2
0
2
2
2
2
0
2
2
3
1
2
2
2
0
3
2
2
2
2
2
2
2
2
3
2
1
2
2
2
3
2
2
1
2
2
4
2
4
1
3
2
4
2
0
2
3
2
4
4
0
1
2
4
2
4
2
2
3
1
1
2
2
2
2
1
2
2
1
2
1
2
1
2
4
2
2
2
2
0
2
1
2
4
2
2
2
0
2
3
2
0
3
2
2
1
2
2
2
1
3
4
2
4
2
4
4
0
2
0
4
4
2
2
2
2
2
2
0
2
4
2
1
2
2
3
2
2
4
4
2
2
2
2
2
2
2
0
2
1
2
2
0
2
2
2
2
0
2
4
0
2
2
1
2
3
4
4
4
3
2
2
1
2
1
1
2
2
4
2
2
2
4
0
4
2
2
1
2
0
0
0
1
2
4
2
4
0
2
3
2
0
2
2
3
2
4
1
2
2
2
2
2
1
4
1
1
2
2
3
2
1
1
2
1
1
4
2
3
4
2
2
4
1
1
2
2
4
4
2
1
2
2
2
2
4
2
2
2
1
2
1
2
2
4
3
2
4
3
1
2
4
4
2
2
2
3
1
1
2
0
4
4
2
3
2
2
4
2
4
4
2
1
3
1
2
2
2
2
2
2
2
2
0
4
2
3
2
2
2
0
2
0
4
2
2
2
0
2
2
2
4
3
2
4
1
2
4
4
2
2
2
1
2
2
4
2
0
1
2
4
2
2
2
2
1
2
2
0
2
2
4
2
2
4
3
2
2
1
1
4
2
2
4
1
4
2
2
2
4
3
4
4
0
1
2
2
1
2
2
0
4
4
2
2
2
1
2
1
2
2
2
1
1
2
4
4
2
2
0
1
1
2
0
1
4
2
2
4
2
4
4
4
0
1
2
2
1
2
2
2
4
2
1
2
2
2
4
2
2
4
4
0
4
2
2
1
3
2
3
4
2
2
0
2
2
2
0
0
1
1
2
4
2
0
2
2
1
2
2
2
0
2
2
2
2
2
2
2
1
2
2
2
1
2
2
1
2
2
0
1
2
2
2
2
3
0
2
2
2
2
2
0
2
2
2
1
1
2
2
2
0
2
1
3
2
1
2
0
2
2
2
1
2
2
3
4
2
2
2
4
1
4
4
2
1
2
2
2
4
1
4
2
4
2
3
2
1
4
2
2
4
2
2
4
2
2
2
2
4
4
1
2
4
4
4
4
4
1
0
2
4
1
2
2
2
2
2
2
4
1
2
2
2
1
0
2
4
2
2
2
1
0
2
1
1
4
2
2
2
4
4
2
4
2
2
0
4
1
2
2
4
4
2
2
4
1
1
1
3
2
3
2
2
4
2
2
3
2
2
2
3
0
2
2
2
1
4
2
4
1
2
2
2
2
2
3
2
4
0
2
1
2
1
2
2
1
4
2
1
2
2
2
2
1
2
4
2
2
2
2
0
2
4
2
4
2
2
0
4
4
4
2
2
2
4
2
2
1
2
2
2
1
2
2
1
2
0
0
1
2
3
0
2
2
2
4
4
2
2
0
1
2
2
2
4
1
1
4
2
2
1
3
4
2
4
2
2
2
2
3
2
0
2
2
4
2
2
1
1
1
2
2
1
4
2
0
2
2
2
2
3
2
4
2
2
2
2
2
2
3
2
2
2
2
2
2
2
2
0
2
2
2
2
2
2
2
2
2
2
2
2
2
2
0
0
2
4
2
2
4
2
2
1
2
2
1
2
2
4
1
4
2
2
2
2
1
4
2
2
2
0
2
3
0
2
4
2
2
2
1
1
2
2
0
1
2
2
2
2
3
3
2
4
2
0
2
2
1
2
2
2
2
2
2
2
4
2
4
2
4
4
2
4
2
2
2
3
1
3
2
2
2
3
2
4
2
1
1
2
2
0
4
2
2
2
2
0
2
4
4
1
2
0
0
0
2
0
1
4
1
4
4
2
2
4
2
2
4
2
4
2
4
2
2
2
2
2
2
2
0
2
1
1
4
2
1
4
2
2
1
1
0
0
2
2
4
2
4
2
2
1
4
2
4
1
1
2
0
4
2
2
1
1
2
1
2
0
2
1
2
2
2
2
2
4
2
1
1
2
2
0
2
2
4
2
2
2
2
2
1
4
4
1
1
1
2
2
1
2
1
2
2
0
2
2
2
1
4
0
1
2
2
0
2
2
2
2
2
3
2
4
2
2
2
2
1
2
2
1
2
1
0
2
4
2
0
2
0
3
2
2
3
2
4
2
3
2
2
1
2
2
1
1
1
2
2
0
0
4
2
2
1
2
2
2
3
2
1
2
4
4
4
2
3
1
4
2
2
2
2
2
2
2
1
2
1
2
1
2
3
4
2
2
2
2
2
2
1
4
1
2
2
2
2
2
2
0
1
2
2
2
2
2
2
2
0
2
2
1
4
2
4
1
1
2
2
2
2
2
2
1
2
0
2
2
4
2
4
2
2
4
1
0
1
2
2
2
2
2
1
2
1
2
0
4
1
1
3
4
1
2
2
1
2
0
2
0
4
0
2
2
2
2
2
2
4
2
4
2
3
2
1
2
2
1
2
2
2
2
4
3
2
2
2
4
1
2
1
2
2
2
2
2
4
1
2
2
2
1
2
2
1
2
4
2
2
1
2
2
2
2
2
1
2
2
2
2
4
2
2
4
1
4
1
3
1
2
2
2
0
2
1
2
2
4
4
2
1
2
2
2
1
3
2
3
1
0
2
2
2
2
1
2
2
4
1
1
2
4
1
4
2
2
4
2
2
2
2
2
4
2
0
1
2
2
2
2
2
2
1
2
1
0
2
4
4
1
2
2
0
1
2
2
2
3
2
2
0
2
0
0
2
2
4
2
4
4
2
2
2
1
2
2
2
2
0
3
2
2
2
1
2
2
2
4
2
2
2
2
2
2
4
2
2
1
2
1
1
2
1
1
2
2
1
2
2
4
2
0
2
2
1
1
2
3
2
4
2
4
4
1
2
2
0
2
2
2
1
2
2
