37
86
95
27
80
64
63
51
95
86
48
72
42
45
84
5
88
53
40
25
72
45
27
29
59
38
47
21
79
6
11
40
63
79
25
71
66
13
70
30
64
86
37
71
9
97
60
36
12
73
93
66
88
66
62
29
97
95
85
80
55
40
86
20
40
58
72
13
3
55
1
0
39
24
94
46
11
81
28
96
76
94
68
3
70
93
65
26
63
80
0
84
49
21
77
51
31
85
1
11
18
71
34
18
87
82
32
88
91
45
79
74
84
7
95
51
41
39
15
58
53
22
7
91
24
53
23
20
23
54
19
50
22
84
46
27
42
78
54
52
73
55
85
45
16
54
58
67
62
47
56
22
92
25
15
97
6
9
20
92
56
17
52
47
74
79
4
23
88
69
34
90
89
16
30
3
28
70
48
57
3
90
92
17
13
95
19
31
36
53
72
59
12
6
89
9
67
100
90
1
11
74
13
62
12
41
57
20
33
81
26
1
62
60
83
97
53
51
14
12
62
46
12
93
13
9
16
47
18
17
55
62
99
85
57
2
27
96
66
7
12
6
52
51
6
37
60
66
59
7
43
100
65
11
26
43
59
60
10
1
91
90
33
12
46
43
29
61
95
27
22
31
60
52
1
15
45
3
63
14
39
83
18
8
51
83
73
51
55
34
13
44
83
24
76
49
71
76
48
61
28
5
24
81
70
37
44
57
99
4
37
27
100
74
2
2
75
78
51
95
62
24
48
99
59
31
40
11
69
80
66
43
39
62
80
36
99
46
100
54
21
21
64
32
44
28
12
62
13
75
54
59
75
26
43
96
25
60
27
70
52
57
25
24
43
17
5
22
28
20
9
49
87
1
34
52
68
0
52
60
82
62
37
20
68
6
47
27
70
41
80
81
35
96
50
58
25
78
37
95
0
64
96
47
21
61
59
76
5
35
18
1
76
50
64
40
44
99
38
77
49
21
25
61
92
62
54
11
56
69
60
75
10
39
52
44
20
98
46
59
67
3
37
7
29
45
17
93
74
6
72
72
41
75
86
91
25
13
65
52
88
100
17
73
86
21
10
21
37
30
15
97
14
46
17
58
73
32
71
3
15
30
93
52
92
70
20
8
87
74
89
38
28
58
22
96
89
44
73
24
72
36
15
0
65
100
6
22
12
43
13
87
40
30
42
80
51
65
39
2
82
98
71
25
100
90
60
38
82
86
37
67
34
28
19
57
47
92
76
90
84
85
82
14
95
73
77
6
15
46
2
82
98
30
45
59
21
80
44
41
85
47
24
65
41
93
33
64
14
80
7
10
51
48
23
83
62
25
36
80
39
0
76
56
43
15
10
16
43
65
79
23
39
38
21
31
6
56
14
6
9
63
48
63
60
41
39
34
62
22
17
7
73
37
42
33
92
26
43
34
40
41
57
98
87
51
35
1
45
51
48
84
17
83
84
6
86
72
7
56
51
35
68
55
25
44
65
42
49
85
78
100
48
17
51
35
28
66
63
74
95
81
45
24
36
82
30
72
68
26
43
20
42
30
66
53
28
8
5
78
67
63
6
40
59
7
96
88
34
15
29
4
33
6
53
33
87
59
7
76
77
97
100
29
95
1
52
11
79
97
88
47
54
91
58
41
12
61
19
58
100
58
49
28
32
46
3
76
92
17
78
6
47
12
4
5
1
74
97
81
68
77
83
67
64
65
82
6
68
24
87
7
68
49
19
15
69
56
59
20
35
9
99
23
81
83
6
47
11
70
72
44
32
79
43
100
95
82
0
12
24
27
3
42
77
60
17
34
38
49
57
97
22
6
85
43
19
11
14
21
53
6
3
80
83
35
96
82
26
35
99
98
30
35
36
100
15
0
52
83
27
46
36
20
39
76
74
41
19
42
34
37
74
60
85
55
100
46
33
17
60
54
8
37
79
99
60
4
63
90
53
82
55
59
11
65
21
80
56
63
27
22
96
89
74
92
22
33
38
77
56
83
29
87
100
61
49
20
3
88
33
75
85
38
53
100
12
72
19
45
17
57
30
23
26
32
36
93
23
2
36
91
47
48
59
88
7
34
38
11
77
68
51
55
84
37
13
65
92
90
100
56
2
77
0
100
81
83
56
98
49
83
15
8
28
10
16
36
38
72
90
47
90
94
52
86
36
33
86
87
73
45
91
76
66
59
22
87
60
82
48
70
66
0
5
97
90
28
8
52
74
14
34
41
67
84
49
16
90
6
62
67
50
23
80
100
38
80
6
96
16
55
60
13
25
20
90
69
99
16
96
96
18
79
52
3
38
34
31
89
85
66
100
88
61
14
57
33
59
9
62
64
71
95
16
4
18
100
9
20
74
29
50
17
90
24
79
51
43
32
84
21
24
8
67
87
27
93
12
93
21
60
78
26
69
94
72
36
61
11
53
8
36
97
32
25
7
37
99
48
63
78
95
85
74
37
72
57
7
46
52
57
3
29
39
99
3
92
79
3
57
95
39
93
6
52
46
84
52
84
65
93
65
81
6
34
95
26
16
53
75
28
74
84
67
40
82
78
49
36
36
50
89
46
21
68
99
86
92
9
90
10
82
20
38
23
51
15
53
100
79
69
15
6
49
83
70
49
65
44
64
9
29
75
82
46
90
56
57
56
67
48
37
27
39
34
58
40
7
30
66
15
21
21
76
33
63
54
59
48
95
13
23
75
57
47
49
1
0
99
86
16
9
36
90
27
50
40
97
62
87
8
63
15
95
7
10
46
87
61
54
15
77
95
50
29
50
59
64
92
48
16
29
98
93
59
87
83
55
59
63
11
66
91
68
51
59
8
26
7
51
11
76
94
14
96
62
38
81
84
86
17
57
58
67
91
57
73
17
83
72
68
92
91
3
99
96
74
47
72
81
38
67
23
51
7
38
58
100
17
9
22
50
33
83
17
97
39
16
1
68
12
77
97
96
23
90
39
21
66
1
36
51
56
24
4
35
66
90
53
0
85
85
72
85
33
65
15
25
44
45
10
44
49
7
13
8
44
100
98
71
92
90
13
19
55
75
71
64
24
51
22
18
54
53
16
98
17
49
17
96
64
8
18
48
26
98
10
37
34
27
61
62
66
17
74
78
4
95
23
97
0
66
55
67
70
94
81
11
44
26
78
95
90
25
7
42
52
56
26
73
65
8
22
100
21
23
66
19
32
79
50
44
64
11
66
19
91
57
97
38
50
66
89
45
81
71
20
21
29
22
17
82
22
23
87
34
42
86
13
98
46
44
36
31
52
93
1
27
75
48
42
35
19
71
66
55
50
31
51
52
5
31
67
14
17
6
1
0
26
93
74
73
54
14
7
39
30
26
60
58
36
44
15
87
37
29
14
19
33
62
30
43
35
59
62
73
24
49
0
68
32
89
98
28
41
0
32
79
9
97
95
78
64
62
82
51
44
62
98
95
90
97
45
49
21
70
53
49
37
85
4
45
77
1
29
28
13
71
76
66
25
32
92
47
11
27
13
1
3
96
24
36
83
95
92
15
83
1
10
35
43
16
87
25
53
92
100
8
59
57
100
43
83
59
74
79
52
64
53
59
23
62
19
78
42
59
64
58
11
76
69
43
4
59
45
2
63
73
2
84
31
72
40
24
58
93
89
82
48
92
85
91
14
83
85
40
33
58
67
69
85
43
17
54
18
22
2
97
93
36
89
99
37
17
72
68
97
6
78
49
44
51
29
19
53
52
62
61
60
75
5
1
92
16
21
22
17
97
4
22
78
48
40
8
32
64
36
91
4
93
13
48
15
35
83
41
45
82
2
4
74
63
8
78
46
40
92
10
62
16
17
18
68
21
90
85
60
42
1
34
23
25
63
86
8
10
3
54
84
94
55
13
10
28
78
51
3
22
27
69
57
92
53
24
24
67
21
14
83
15
61
59
23
4
55
19
64
30
81
50
3
11
6
3
17
30
11
70
39
6
4
83
77
96
16
52
11
85
6
22
37
91
93
33
83
44
1
13
28
70
4
49
21
8
95
96
59
21
80
66
81
28
19
85
2
1
86
89
80
100
23
53
100
0
59
94
48
55
8
26
48
98
83
21
35
70
63
10
13
