0 1 62 63 60 61 58 59 56 57 54 29 28 31 30 25 24 27 26 21 20 23 22 17 16 19 18 13 12 15 14 9 8 11 10 5 4 7 6 1 0 3 2 61 60 63 62 57 56 59 58 53 28 29 30 31 24 25 26 27 20 21 22 23 16 17 18 19 12 13 14 15 8 9 10 11 4 5 6 7 0 1 2 3 60 61 62 63 56 57 58 59 52 27 26 25 24 31 30 29 28 19 18 17 16 23 22 21 20 11 10 9 8 15 14 13 12 3 2 1 0 7 6 5 4 59 58 57 56 63 62 61 60 51 26 27 24 25 30 31 28 29 18 19 16 17 22 23 20 21 10 11 8 9 14 15 12 13 2 3 0 1 6 7 4 5 58 59 56 57 62 63 60 61 50 25 24 27 26 29 28 31 30 17 16 19 18 21 20 23 22 9 8 11 10 13 12 15 14 1 0 3 2 5 4 7 6 57 56 59 58 61 60 63 62 49 24 25 26 27 28 29 30 31 16 17 18 19 20 21 22 23 8 9 10 11 12 13 14 15 0 1 2 3 4 5 6 7 56 57 58 59 60 61 62 63 48 23 22 21 20 19 18 17 16 31 30 29 28 27 26 25 24 7 6 5 4 3 2 1 0 15 14 13 12 11 10 9 8 55 54 53 52 51 50 49 48 63 22 23 20 21 18 19 16 17 30 31 28 29 26 27 24 25 6 7 4 5 2 3 0 1 14 15 12 13 10 11 8 9 54 55 52 53 50 51 48 49 62 21 20 23 22 17 16 19 18 29 28 31 30 25 24 27 26 5 4 7 6 1 0 3 2 13 12 15 14 9 8 11 10 53 52 55 54 49 48 51 50 61 20 21 22 23 16 17 18 19 28 29 30 31 24 25 26 27 4 5 6 7 0 1 2 3 12 13 14 15 8 9 10 11 52 53 54 55 48 49 50 51 60 19 18 17 16 23 22 21 20 27 26 25 24 31 30 29 28 3 2 1 0 7 6 5 4 11 10 9 8 15 14 13 12 51 50 49 48 55 54 53 52 59 18 19 16 17 22 23 20 21 26 27 24 25 30 31 28 29 2 3 0 1 6 7 4 5 10 11 8 9 14 15 12 13 50 51 48 49 54 55 52 53 58 17 16 19 18 21 20 23 22 25 24 27 26 29 28 31 30 1 0 3 2 5 4 7 6 9 8 11 10 13 12 15 14 49 48 51 50 53 52 55 54 57 16 17 18 19 20 21 22 23 24 25 26 27 28 29 30 31 0 1 2 3 4 5 6 7 8 9 10 11 12 13 14 15 48 49 50 51 52 53 54 55 56 15 14 13 12 11 10 9 8 7 6 5 4 3 2 1 0 31 30 29 28 27 26 25 24 23 22 21 20 19 18 17 16 47 46 45 44 43 42 41 40 39 14 15 12 13 10 11 8 9 6 7 4 5 2 3 0 1 30 31 28 29 26 27 24 25 22 23 20 21 18 19 16 17 46 47 44 45 42 43 40 41 38 13 12 15 14 9 8 11 10 5 4 7 6 1 0 3 2 29 28 31 30 25 24 27 26 21 20 23 22 17 16 19 18 45 44 47 46 41 40 43 42 37 12 13 14 15 8 9 10 11 4 5 6 7 0 1 2 3 28 29 30 31 24 25 26 27 20 21 22 23 16 17 18 19 44 45 46 47 40 41 42 43 36 11 10 9 8 15 14 13 12 3 2 1 0 7 6 5 4 27 26 25 24 31 30 29 28 19 18 17 16 23 22 21 20 43 42 41 40 47 46 45 44 35 10 11 8 9 14 15 12 13 2 3 0 1 6 7 4 5 26 27 24 25 30 31 28 29 18 19 16 17 22 23 20 21 42 43 40 41 46 47 44 45 34 9 8 11 10 13 12 15 14 1 0 3 2 5 4 7 6 25 24 27 26 29 28 31 30 17 16 19 18 21 20 23 22 41 40 43 42 45 44 47 46 33 8 9 10 11 12 13 14 15 0 1 2 3 4 5 6 7 24 25 26 27 28 29 30 31 16 17 18 19 20 21 22 23 40 41 42 43 44 45 46 47 32 7 6 5 4 3 2 1 0 15 14 13 12 11 10 9 8 23 22 21 20 19 18 17 16 31 30 29 28 27 26 25 24 39 38 37 36 35 34 33 32 47 6 7 4 5 2 3 0 1 14 15 12 13 10 11 8 9 22 23 20 21 18 19 16 17 30 31 28 29 26 27 24 25 38 39 36 37 34 35 32 33 46 5 4 7 6 1 0 3 2 13 12 15 14 9 8 11 10 21 20 23 22 17 16 19 18 29 28 31 30 25 24 27 26 37 36 39 38 33 32 35 34 45 4 5 6 7 0 1 2 3 12 13 14 15 8 9 10 11 20 21 22 23 16 17 18 19 28 29 30 31 24 25 26 27 36 37 38 39 32 33 34 35 44 3 2 1 0 7 6 5 4 11 10 9 8 15 14 13 12 19 18 17 16 23 22 21 20 27 26 25 24 31 30 29 28 35 34 33 32 39 38 37 36 43 2 3 0 1 6 7 4 5 10 11 8 9 14 15 12 13 18 19 16 17 22 23 20 21 26 27 24 25 30 31 28 29 34 35 32 33 38 39 36 37 42 1 0 3 2 5 4 7 6 9 8 11 10 13 12 15 14 17 16 19 18 21 20 23 22 25 24 27 26 29 28 31 30 33 32 35 34 37 36 39 38 41 0 1 2 3 4 5 6 7 8 9 10 11 12 13 14 15 16 17 18 19 20 21 22 23 24 25 26 27 28 29 30 31 32 33 34 35 36 37 38 39 40



what is this pattern

54, 40, 26, 40

54, 39, 29, 38

54, 38, 30, 38

54, 37, 32, 37

54, 36, 34, 36


159, 0, 1, 0
158, 0, 2, 0
157, 0, 3, 0
156, 0, 4, 0
150, 0, 10, 0
120, 0, 40, 0
110, 0, 50, 0
80, 0, 80, 0

140, 10, 0, 10
...
140, 0, 20, 0

120, 20, 0, 20
...
120, 0, 40, 0

107, 26, 1, 26
...
107, 0, 53, 0

80, 40, 0, 40
...
80, 0, 80, 0

79, 40, 1, 40
79, 39, 3, 39
...
79, 1, 79, 1
78, 40, 2, 40
78, 39, 4, 39
...
78, 2, 78, 2
77, 40, 3, 40
...
77, 3, 77, 3
...
60, 40, 20, 40
...
60, 20, 60, 20
...
48, 40, 32, 40
...
48, 32, 48, 32
...
41, 40, 39, 40
41, 39, 41, 39
40, 40, 40, 40


n = 3

0, x works

n = 4
x, y, x works

n = 5
x, y, x, z works as long as x + y + x + z == constant

n = 6

